9E,2007	0.46293811014017694,2.7951616748012023
9E,2008	-0.11411864523198538,2.8819138482232933
9E,2009	0.38843669692583715,2.553894672845445
9E,2010	-0.5045604465652248,2.6472878983508745
9E,2013	0.13673790910819758,2.877648856076969
AA,1987	0.9103651359558218,2.470079670252613
AA,1988	-0.293570222703134,2.482799337319837
AA,1989	-0.13416558903728013,2.481540212172196
AA,1990	-0.05152872126484084,2.480801066009606
AA,1991	0.31747195857847105,2.4773258211170313
AA,1992	0.08741811895572116,2.4803825722934634
AA,1993	-0.22863035057814796,2.482663907613534
AA,1994	0.4635594141187543,2.476323317998481
AA,1995	-0.5047933096784394,2.5644388163336687
AA,1996	-0.09978327072882763,2.5613281860116235
AA,1997	-0.15940170533071432,2.5612238665249683
AA,1998	-0.5878714996490088,2.563422713260444
AA,1999	-0.5557636635691666,2.6435330237904155
AA,2000	-0.35183001745426207,2.721798084605929
AA,2001	-0.10484273723790516,2.8006777820535658
AA,2002	0.44880111016331287,2.3969591571134155
AA,2003	0.2981496474507805,2.478109258810395
AA,2004	-0.7014362349072941,2.565098930216185
AA,2005	-0.10770440442843683,2.640277272930038
AA,2006	0.12740379128755147,2.7195833672282506
AA,2007	0.2176624914931955,2.7977441210180953
AA,2008	0.49997902182869225,2.878097511650471
AA,2009	0.10050549227068557,2.560061909219276
AA,2010	-0.9055208738171187,2.6461913027316046
AA,2011	0.09462688051225424,2.719040605386104
AA,2012	0.49571679634332716,2.7960885829532
AA,2013	0.8834902885556176,2.8751038732942122
AA,2014	-0.26941387606092737,2.9610979044750203
AA,2015	0.24815350595910218,3.0389670559133726
AL,1987	-0.3017993119730834,2.486232968119536
AL,1988	0.2738162696502483,2.475731830562969
AQ,2000	3.430646723213733,2.628787303189515
AQ,2001	-0.7359361043793172,2.821880621788501
AQ,2006	0.5542651311000261,2.7070905290024125
AQ,2007	-0.15291847912149562,2.806395089707076
AQ,2008	-1.1811621591240138,2.907689313625458
AS,1987	13.95578542923736,0.6683110914516106
AS,1988	11.211017622932763,0.6858166263991565
AS,1989	11.150169578228589,0.6904030142516783
AS,1990	12.068995284071041,0.6808133308687264
AS,1991	10.972067665449561,0.6907393204004518
AS,1992	11.948514192290999,0.68238369530229
AS,1993	11.32505941968921,0.6860544683838126
AS,1994	11.859382369851687,0.6808362413740806
AS,1995	8.67613399619879,0.7601698786626605
AS,1996	7.672005237345257,0.7713565688276017
AS,1997	9.09776913131662,0.7580186202118848
AS,1998	8.107637552562636,0.7673303400590699
AS,1999	5.891904940347711,0.8458743608271295
AS,2000	4.140910768395478,0.9269670503070098
AS,2001	3.8051533595785636,0.9982460859807648
AS,2002	16.560335980812617,0.6030863754307892
AS,2003	11.542985114779116,0.6831694349506362
AS,2004	8.070864222227991,0.7666581613577668
AS,2005	6.0550447433898364,0.8432855313820169
AS,2006	4.423714272054696,0.9242677831258559
AS,2007	3.768051395455402,0.9995793143142581
AS,2008	3.0733812211529488,1.0749099304094862
AS,2009	8.47775167906599,0.7635988498024543
AS,2010	6.602746267202896,0.8385381753210662
AS,2011	4.929701025917508,0.9192681984370871
AS,2012	3.1780798338628755,1.00376946194414
AS,2013	3.443234616849373,1.076845136583313
AS,2014	1.85906490626819,1.1645494151227527
AS,2015	1.2701273652639833,1.2426313886774825
B6,2003	-0.2053147559385382,2.481697675276834
B6,2004	-0.5079882088289837,2.561359335535282
B6,2005	0.22209200686336975,2.640727648205672
B6,2006	-0.7529083788948946,2.726714257745304
B6,2007	-0.016523502729135414,2.7994991342552926
B6,2008	0.5119641754991364,2.8767714426063615
B6,2009	-0.07972696614184656,2.5606500768339098
B6,2010	-1.3797823489922518,2.6495817446250287
B6,2011	0.5507472171252126,2.715730435541636
B6,2012	1.527241393420194,2.7890398623220545
B6,2013	-0.014396736912133529,2.8802520518988075
B6,2014	-0.6572261105085435,2.9660076761934953
B6,2015	0.675671439345666,3.033599001504546
CO,1987	-0.7701629745472175,1.5895582178483683
CO,1988	-0.38582222143963524,1.5839118444597846
CO,1989	0.4884649027096418,1.5756626128154823
CO,1990	-0.6542963800284306,1.5871660825435137
CO,1991	-0.1272770554495748,1.5819704369124836
CO,1992	0.07091396415670856,1.5793443249441936
CO,1993	0.15513884223457577,1.5782024738397251
CO,1994	0.5050394035414089,1.5766066502860836
CO,1995	0.010702859825364328,1.6601102881186405
CO,1996	0.7320234462069551,1.6537096715367303
CO,1997	0.4089996299034284,1.6568798792101336
CO,1998	0.02937919144469363,1.660199293185497
CO,1999	0.1638994058911112,1.73968767447539
CO,2000	-0.3407189531642947,1.8236653728803915
CO,2001	0.408230907723329,1.8977387753306012
CO,2002	0.04423867085947703,1.4990717434725551
CO,2003	0.20531715825267885,1.579449058764457
CO,2004	1.1971580298519187,1.6520085629549783
CO,2005	-1.0287680058282864,1.7472295184580917
CO,2006	-0.6975326288963378,1.8228609379216076
CO,2007	-1.2278325119599176,1.9072138401378242
CO,2008	0.4355195838464644,1.9766000089598204
CO,2009	-1.025879865279231,1.66732755609821
CO,2010	-0.16117904537147223,1.7391512447040804
CO,2011	-1.2018691622571085,1.8270187473566106
DH,2003	-0.13895872243836915,2.4816961614067403
DH,2004	0.11835784851973619,2.5577778200171886
DH,2005	-0.5788897079262509,2.6448333731172142
DL,1987	0.0794761001253032,3.3775384706870875
DL,1988	0.37198471474077877,3.3772456881816284
DL,1989	0.1381392347998535,3.378869651664283
DL,1990	0.20631775119045412,3.377750736863156
DL,1991	-0.05656844813852012,3.37993390769554
DL,1992	-0.17862792058555912,3.382393241710675
DL,1993	-0.5105690787422035,3.3844126702077686
DL,1994	-0.35910723853883786,3.3842619019771294
DL,1995	-0.010020130703173934,3.46154929802036
DL,1996	-0.21896300237309713,3.4618090476331007
DL,1997	0.3665023080623472,3.4563549813842176
DL,1998	1.920712283048719E-4,3.459763786195739
DL,1999	-0.09822030533977445,3.541524911235069
DL,2000	-0.011126391718265191,3.621265568631043
DL,2001	-0.2880781222507318,3.703346127832507
DL,2002	-0.006971381887465422,3.2995676014364466
DL,2003	0.44392336318835607,3.3765556155401026
DL,2004	0.15941265549983136,3.459152559594745
DL,2005	0.1776633435035873,3.538434457971325
DL,2006	-0.036956360561213424,3.621597306013429
DL,2007	1.0701663265435835,3.6918499315497066
DL,2008	0.1224009956168214,3.780066288645359
DL,2009	0.424697966842147,3.4562502476849195
DL,2010	-0.11006742551311492,3.5406745895997442
DL,2011	-0.5041811582694716,3.6232453491045615
DL,2012	-0.5645392584952676,3.704566860801707
DL,2013	0.2887833922400347,3.777173405750849
DL,2014	0.46831908552298684,3.855618219564597
DL,2015	-0.41811389730826354,3.9429440263150446
EA,1987	0.632827681259889,2.4740198925054293
EA,1988	-0.15255795752926812,2.482145381653497
EA,1989	0.15478649901574917,2.476403901767544
EA,1990	-0.10267412753732547,2.481005528619503
EV,2003	-0.39768706787062785,2.4849229451352355
EV,2004	0.3163438400940535,2.5556719715090117
EV,2005	-0.6677012350841003,2.64733706742884
EV,2006	-0.20926735663303642,2.722034109017972
EV,2007	0.021644172829661388,2.7999901304593657
EV,2008	-0.2752559941719869,2.8835656158031107
EV,2009	0.0883509345601329,2.558117117193473
EV,2010	0.5366049193747033,2.63397953081143
EV,2011	0.04748450678148784,2.719858342345436
EV,2012	0.3413223408312722,2.7962019573799424
EV,2013	0.06150101933588073,2.8797651336103405
EV,2014	-0.06932948682587294,2.9612048696173754
EV,2015	-0.38947965222676617,3.0442137265688958
F9,2005	165.69225629518775,0.13002002103047752
F9,2006	147.17565682492045,0.15135316072954907
F9,2007	119.61045405582165,0.23027826675696836
F9,2008	98.15236668073166,0.3020928717426985
F9,2009	191.96239631296365,0.08569544113940454
F9,2010	164.91047383674766,0.14412502604895058
F9,2011	143.7122424327699,0.17311489229762614
F9,2012	121.2190753758672,0.22779193068290562
F9,2013	101.63396861287889,0.2816334475352207
F9,2014	83.70802049581957,0.34626374562286943
F9,2015	69.91403526525639,0.4028285513930823
FL,2003	-0.3853851075582731,2.48485154796035
FL,2004	1.988439629897176,2.542202245574691
FL,2005	0.25056229837654487,2.635865461576016
FL,2006	-1.1931699451584186,2.7303925557057673
FL,2007	0.47253190902607645,2.795603997369972
FL,2008	0.35117361836805727,2.8758188626786056
FL,2009	-0.4760809394324711,2.564404778917534
FL,2010	-0.6474988063859819,2.643482031178277
FL,2011	-0.244580140817511,2.7215453534776217
FL,2012	-0.7246578373472732,2.806371587447551
FL,2013	-0.1459467169601402,2.880340963217442
FL,2014	0.3140401543034387,2.957986920817093
HA,2003	-0.913974329365577,2.4986952460411787
HA,2004	0.33303690350981907,2.5556698037011945
HA,2005	-0.318713792773283,2.6442384555129474
HA,2006	0.3321886205503539,2.712153906156472
HA,2007	-0.044220827393159634,2.8024367888715194
HA,2008	-0.08358467257597384,2.8784432360063334
HA,2009	-0.1750200256550388,2.5608038761922067
HA,2010	0.2333701665729268,2.6388735961162677
HA,2011	-0.42967437575843487,2.7343123814699832
HA,2012	-0.5419852206525874,2.8072816964148606
HA,2013	0.006754311310889908,2.8811392217042973
HA,2014	0.24396450322217048,2.955621036652099
HA,2015	-0.5115222212448871,3.04748761415211
HP,1987	13.355348983486437,0.6549198856384872
HP,1988	11.514398112989372,0.6851944806158079
HP,1989	10.83503442400121,0.6913862272235619
HP,1990	11.995205875455161,0.6816028765855703
HP,1991	11.182589890275281,0.6869124021219659
HP,1992	11.602143476408123,0.6847073262888803
HP,1993	11.611038205586784,0.6856992989359152
HP,1994	11.694225814261607,0.6858288369457384
HP,1995	8.454089768469364,0.7632744948102623
HP,1996	8.59740571747735,0.7617897576160794
HP,1997	8.67506922665386,0.7609856409806903
HP,1998	8.253256372420811,0.7644216705780191
HP,1999	5.903937829822805,0.847618796610668
HP,2000	4.5611849857172135,0.9218860799690283
HP,2001	3.3845296293577114,1.0030569405280667
HP,2002	16.191952518694833,0.6055169249954804
HP,2003	11.934392193865737,0.683434171617263
HP,2004	8.645924081355234,0.7643525737155656
HP,2005	6.353019083157151,0.840653154311845
ML,1991	0.6101378056811592,2.471191511377723
MQ,2001	0.1910867470508927,2.797682699933757
MQ,2002	0.48223328042516345,2.3929343827246043
MQ,2003	-0.005409540850092103,2.4793793441473384
MQ,2004	-0.0618118435743641,2.5609818965182227
MQ,2005	0.2539862844647748,2.637184339119435
MQ,2006	-0.11282717005352998,2.722426697312534
MQ,2007	-0.19161669062824283,2.8024977326570752
MQ,2008	0.20461049148343188,2.8776589937670827
MQ,2009	0.2765116361361917,2.555525241109572
MQ,2010	0.23123450473068022,2.6384494729726526
MQ,2011	-0.42651076771268226,2.7237858049266097
MQ,2012	0.1108088479686216,2.7989408700214855
MQ,2013	0.05372529933988263,2.8783245928300025
MQ,2014	-0.02448965626815626,2.9613807223848116
MQ,2015	0.40650298985689376,3.033894605120947
NK,2015	-1.7046692151703873,3.048875531301002
NW,1987	0.8326689308161802,1.5725860283501834
NW,1988	-0.15571416771186067,1.5827251195889116
NW,1989	-0.3128544782046401,1.5834678984225765
NW,1990	0.12302322225782811,1.579607594000806
NW,1991	0.10916092336255673,1.579437043690805
NW,1992	0.060028058864143696,1.579436786031984
NW,1993	0.33803665559920604,1.576868695990782
NW,1994	0.3038106465341067,1.5776719660676564
NW,1995	0.11348585388243591,1.6605288882326057
NW,1996	-0.1232929451268721,1.6614160684026198
NW,1997	0.07912212728349384,1.6587807788496498
NW,1998	0.10966917057359427,1.6587543478442224
NW,1999	0.1670423059889645,1.7378242833558555
NW,2000	0.2183705769275901,1.8195774611871287
NW,2001	-0.29720552354632507,1.9036590277498016
NW,2002	0.21599979249552287,1.4991865230280386
NW,2003	-0.06169751704143482,1.581195701299937
NW,2004	-0.07427043855911061,1.6611326137689584
NW,2005	0.5789835488190085,1.7350310313553778
NW,2006	0.07680885745508526,1.819791013342779
NW,2007	-0.49786093691065963,1.9048728049866266
NW,2008	0.14967343394788937,1.979509539685657
NW,2009	0.42312452940235884,1.6574425209577859
OH,2004	0.27985677524682284,2.5563271134942473
OH,2005	0.17750220949528617,2.6375190258682797
OH,2006	-7.054256856922267E-4,2.7185333425178393
OH,2007	-0.04155954976086359,2.7967991224200763
OH,2008	-0.36384991313823767,2.886136557411482
OH,2009	0.8958530193965063,2.5538405112268925
OH,2010	-0.3963134608216884,2.6456442735765826
OO,2003	-0.5320028441097128,2.4873426884934804
OO,2004	0.3520248796834972,2.5553396189800957
OO,2005	-0.03754481310641847,2.6396188056572067
OO,2006	0.031704247932563566,2.719968206999445
OO,2007	0.24084238249271356,2.7962888266854735
OO,2008	0.056831570588001354,2.8794306906212523
OO,2009	0.24756422299002404,2.5584776098091626
OO,2010	0.14901583795884324,2.6394689534869884
OO,2011	-0.22148984678833583,2.7223693456454328
OO,2012	-0.021989064201267127,2.7995885435217023
OO,2013	0.029159317597847522,2.8794012043405606
OO,2014	0.05696987995437358,2.959219755238382
OO,2015	0.17386485074440103,3.037784343304076
PA,1987	-2.253470096015889,2.5072581255200634
PA,1988	0.4902609377842004,2.47868508125569
PA,1989	0.9225638771856371,2.4720065936341724
PA,1990	0.4400447721991937,2.478437333430046
PA,1991	-0.45914026184967527,2.4796194313142936
PI,1987	0.23224985522535885,2.4752251327288044
PI,1988	0.3544925624240334,2.4737713948225637
PI,1989	0.17991766802060286,2.4789152474820337
PS,1987	-2.071167318208146,2.513295112371905
PS,1988	0.3380717361258389,2.472099313824639
RU,2003	-0.43228081010806735,2.483222991633198
RU,2004	0.014552241412965227,2.560645046666908
RU,2005	-0.014259753823460978,2.641019331080013
RU,2006	-0.045346191438928055,2.7211670617590396
TW,1987	-0.9979518965628431,2.4926641629342843
TW,1988	0.17581798698326276,2.4778627230113277
TW,1989	-0.2618494286072204,2.480064634784852
TW,1990	-0.8061479923349703,2.486174566844866
TW,1991	-0.3934488113428893,2.4824344434773726
TW,1992	-0.3729889804496274,2.4830200821944373
TW,1993	0.44183258248940016,2.4744823895836348
TW,1994	-0.39306742997356364,2.48324800100446
TW,1995	0.1980719325638802,2.56001971546407
TW,1996	-0.04315788595085664,2.5590441707244844
TW,1997	-0.13070698050717583,2.5611831397855678
TW,1998	0.26213187711971675,2.5571271424136963
TW,1999	0.6627328659044257,2.636501707847075
TW,2000	-0.05940987690529533,2.721851360716807
TW,2001	0.5476414400377627,2.7953708204960788
TZ,2003	-1.9949827140791678,2.4935782607465447
TZ,2004	-0.023332417174879216,2.5582458041183633
TZ,2005	1.7030086072510175,2.627749020557188
TZ,2006	4.620940575724211,2.6926686326999354
UA,1987	1.0729627010869465,4.271674780282177
UA,1988	-0.32813076319661927,4.2829650330499085
UA,1989	0.571284137125284,4.274408736791287
UA,1990	-0.35602069988083346,4.2834210565277075
UA,1991	-0.11038775327670786,4.281027236467819
UA,1992	0.6531492492701877,4.275366630001256
UA,1993	0.9186544418727429,4.272406383208532
UA,1994	-0.06139259053055936,4.280003542649291
UA,1995	-1.142116865030924,4.369528196680504
UA,1996	-0.26185862708984714,4.3620860396830325
UA,1997	0.7609399290793684,4.35399851526749
UA,1998	-0.4700663506514412,4.363767017920129
UA,1999	0.02727402002123627,4.439582592483312
UA,2000	-1.035560289890451,4.529015201037807
UA,2001	-0.5938940786380361,4.604044154434973
UA,2002	0.09702861571208664,4.198876339010482
UA,2003	0.16747038628047578,4.278063238153462
UA,2004	-0.2614296892397545,4.361485035724103
UA,2005	0.3197079756830503,4.438185024568305
UA,2006	0.21282534178192386,4.518637245529099
UA,2007	0.30361344112698807,4.598842232580049
UA,2008	0.3574011903657507,4.6772516522555945
UA,2009	0.9561287089676269,4.355216747632913
UA,2010	0.7778650903773779,4.435624616696341
UA,2011	-1.0006086285842337,4.525389269040169
UA,2012	-0.8601062178088251,4.605957629722801
UA,2013	-0.44833289591207187,4.683230633069143
UA,2014	0.8050058509487465,4.756313487371119
UA,2015	-0.15247343944436245,4.840683915771378
US,1988	0.5076573357515848,3.3732270149470653
US,1989	-0.04866947634445098,3.3791226170862116
US,1990	0.01191134965454251,3.3805309229478766
US,1991	-0.01856041750169107,3.38107754727073
US,1992	0.0020474534379171985,3.3794863633987053
US,1993	0.016088907558334014,3.380865798188884
US,1994	-0.23808112094626852,3.3824795545201276
US,1995	-0.20044618213898174,3.4623112086186834
US,1996	-0.050021272000336285,3.4603396242595728
US,1997	0.09653649876171513,3.4586001703138054
US,1998	-0.23754131814436338,3.4620131247176733
US,1999	0.05570161862100431,3.538939340448674
US,2000	-0.11149769590060078,3.620630217581493
US,2001	-0.06853525731409396,3.7014539448664623
US,2002	0.1793230019435895,3.2975201916595798
US,2003	0.3983238270350931,3.376315244004472
US,2004	0.8453559791120809,3.4503748446853657
US,2005	0.10765289360426983,3.5388151751221497
US,2006	-0.1355658587990899,3.621729916426129
US,2007	0.3377201089567421,3.696003480325105
US,2008	-0.3751503198369942,3.7830051014544988
US,2009	0.1017646081702052,3.461110083256653
US,2010	-0.4675093885447816,3.5441720888672044
US,2011	-0.2154375408521698,3.62144134430943
US,2012	0.09409016505221147,3.697417616367991
US,2013	0.07815667521700904,3.780613630094321
US,2014	0.799388358746365,3.8539968023543167
US,2015	0.0977219555918262,3.9404017778959686
VX,2012	-0.15432930912303316,2.7983403001019367
VX,2013	0.9200197789575234,2.8755957681540623
VX,2014	1.2432195276707427,2.953192055751393
VX,2015	-1.8387927363170473,3.051083374359606
WN,1987	11.133529979550477,0.6915589607574942
WN,1988	11.065660897372489,0.6889993495220986
WN,1989	11.238079258962426,0.6886396949260798
WN,1990	11.833053456250251,0.6807441288854774
WN,1991	11.733656992076044,0.6822053878655814
WN,1992	10.805808718486354,0.6933732104162761
WN,1993	11.79522952793894,0.6817203728737031
WN,1994	11.509162354441855,0.6867465883932096
WN,1995	8.425232584827784,0.7636049825720381
WN,1996	8.29050055452535,0.7650303837946201
WN,1997	8.369924632513277,0.7637936422060072
WN,1998	8.144951195384431,0.766771197546154
WN,1999	6.2613511301752665,0.8419516921192305
WN,2000	4.6584136932839115,0.9228596704515057
WN,2001	3.3999510243278284,1.0041205429222164
WN,2002	15.407233099929297,0.6100774613013379
WN,2003	11.222371857830657,0.6875484834563488
WN,2004	8.507072430713535,0.764314643091583
WN,2005	6.0665790502989445,0.8454295811162227
WN,2006	4.628609740442685,0.9229494057469356
WN,2007	3.676673329504492,0.9996489395272318
WN,2008	2.725079383821197,1.081293847309122
WN,2009	8.629511201529548,0.7621567599244943
WN,2010	6.336236829327654,0.8422545680109332
WN,2011	4.525816645171343,0.9236206828459225
WN,2012	3.3654116490764894,1.0039554383934588
WN,2013	2.987008615964671,1.0779142768194607
WN,2014	2.0934668812617545,1.1606511378549538
WN,2015	1.4835851770698674,1.2417861711773688
XE,2006	0.32869708877623427,2.716601918372548
XE,2007	-0.1293533596302459,2.8022643214488006
XE,2008	0.2501096690389951,2.878406367732982
XE,2009	0.0638983389697659,2.557929141645611
XE,2010	-0.07865868067780665,2.6426149621835497
XE,2011	-0.3367476395083293,2.7230469565621003
YV,2006	0.12569901344961323,2.717570933113291
YV,2007	-0.05429015469740733,2.801248858825719
YV,2008	0.27410303532269287,2.876580124172937
YV,2009	0.03627569059413801,2.557820352194381
YV,2010	0.548427173053472,2.6331386975552786
YV,2011	-0.38586495265062676,2.726948867431603
YV,2012	-0.4247457443433002,2.8045859368568857
YV,2013	0.18798325175381286,2.8781496864835856
